000
001
004
005
006
011
012
013
014
015
016
017
019
021
023
028
029
031
033
036
038
046
054
055
056
058
060
063
065
066
068
070
071
072
079
080
081
082
084
088
090
094
096
098
100
105
106
107
109
111
112
113
115
116
118
120
122
124
127
130
132
133
134
135
137
138
139
141
142
144
146
147
150
151
154
155
158
159
161
162
164
165
168
168
169
171
171
172
172
173
174
175
176
177
179
182
183
187
187
188
189
190
191
191
192
193
195
198
198
200
201
204
207
209
210
211
212
213
214
215
217
218
219
220
223
224
225
227
229
230
231
233
236
238
240
245
246
253
254
255
257
258
259
263
264
265
266
268
270
273
275
276
279
280
281
282
285
288
289
290
292
293
294
297
298
300
302
304
305
309
310
311
316
317
320
321
323
324
328
330
331
332
333
334
337
338
339
340
345
346
349
350
351
354
355
359
361
362
364
366
368
371
372
373
374
377
378
380
381
387
389
391
395
396
397
399
400
402
404
405
407
409
410
413
416
418
422
423
427
428
429
433
436
439
442
443
445
446
447
449
451
452
455
458
459
461
463
464
465
466
467
468
472
473
476
478
482
484
486
488
489
493
494
495
498
501
502
504
505
509
510
511
515
516
520
521
522
528
531
532
533
538
540
544
546
547
548
550
551
552
554
555
558
560
562
563
565
568
569
570
571
572
573
580
583
584
591
593
594
596
597
598
601
603
604
607
608
611
616
619
620
622
625
626
627
628
630
632
634
639
641
642
643
645
647
648
650
651
654
656
661
662
664
665
667
668
669
670
678
682
686
688
691
693
694
696
699
711
712
713
716
718
719
721
722
725
729
733
734
736
737
742
743
744
750
751
755
757
760
761
764
765
766
768
770
